3
5
3
1.9179422952566856 -4.063109601556949 -3.7326731611985475 
0.7006959423099458 -5.352391862787043 0.2993678316559848 
-2.401967062717986 0.1304710140584462 -3.0820763454959472 
-2.6243410928556945 -0.591785209277658 -2.470114594144409 
-5.701788144438235 0.2046104661418678 0.2894370934486365 


3.2295978336997004 
0.9124744160114767 
3.0879004978448665 
3.6312228155876687 
1.5470474383302932 


1
5
-6.995749177614945 -6.126130300306105 -5.725866107521506 -5.965028561437508 -6.682107458243058 


6.682530997373093 


